pAC=0.00025
pAT=0.00025
pAG=0.0005
pCA=0.00025
pCT=0.0005
pCG=0.00025
pTC=0.0005
pTA=0.00025
pTG=0.00025
pGA=0.0005
pGT=0.00025
pGC=0.00025
pSNP=0.001
CG=0.85
CH=0.02